UiO-66+Ir16 
1.0 
-0.000000 10.489200 10.489200 
10.489200 0.000000 10.489200 
10.489200 10.489200 0.000000 
H C O Zr Ir 
28 48 32 6 16 
Selective Dynamics
Direct 
0.150900 0.578000 0.409100 T T T 
0.578000 0.150900 0.862000 T T T 
0.409100 0.862000 0.150900 T T T 
0.862000 0.409100 0.578000 T T T 
0.409100 0.150900 0.578000 T T T 
0.862000 0.578000 0.150900 T T T 
0.150900 0.409100 0.862000 T T T 
0.578000 0.862000 0.409100 T T T 
0.578000 0.409100 0.150900 T T T 
0.150900 0.862000 0.578000 T T T 
0.862000 0.150900 0.409100 T T T 
0.409100 0.578000 0.862000 T T T 
0.578000 0.150900 0.409100 T T T 
0.150900 0.578000 0.862000 T T T 
0.862000 0.409100 0.150900 T T T 
0.409100 0.862000 0.578000 T T T 
0.150900 0.409100 0.578000 T T T 
0.578000 0.862000 0.150900 T T T 
0.409100 0.150900 0.862000 T T T 
0.862000 0.578000 0.409100 T T T 
0.409100 0.578000 0.150900 T T T 
0.862000 0.150900 0.578000 T T T 
0.150900 0.862000 0.409100 T T T 
0.578000 0.409100 0.862000 T T T 
0.906230 0.906230 0.281310 T T T 
0.906230 0.906230 0.906230 T T T 
0.281310 0.906230 0.906230 T T T 
0.906230 0.281310 0.906230 T T T 
0.088300 0.540400 0.446600 T T T 
0.540400 0.088300 0.924700 T T T 
0.446600 0.924700 0.088300 T T T 
0.924700 0.446600 0.540400 T T T 
0.446600 0.088300 0.540400 T T T 
0.924700 0.540400 0.088300 T T T 
0.088300 0.446600 0.924700 T T T 
0.540400 0.924700 0.446600 T T T 
0.540400 0.446600 0.088300 T T T 
0.088300 0.924700 0.540400 T T T 
0.924700 0.088300 0.446600 T T T 
0.446600 0.540400 0.924700 T T T 
0.540400 0.088300 0.446600 T T T 
0.088300 0.540400 0.924700 T T T 
0.924700 0.446600 0.088300 T T T 
0.446600 0.924700 0.540400 T T T 
0.088300 0.446600 0.540400 T T T 
0.540400 0.924700 0.088300 T T T 
0.446600 0.088300 0.924700 T T T 
0.924700 0.540400 0.446600 T T T 
0.446600 0.540400 0.088300 T T T 
0.924700 0.088300 0.540400 T T T 
0.088300 0.924700 0.446600 T T T 
0.540400 0.446600 0.924700 T T T 
0.004100 0.691200 0.300600 T T T 
0.006200 0.588100 0.399500 T T T 
0.691200 0.004100 0.004100 T T T 
0.588100 0.006200 0.006200 T T T 
0.300600 0.004100 0.004100 T T T 
0.399500 0.006200 0.006200 T T T 
0.004100 0.300600 0.691200 T T T 
0.006200 0.399500 0.588100 T T T 
0.300600 0.004100 0.691200 T T T 
0.399500 0.006200 0.588100 T T T 
0.004100 0.691200 0.004100 T T T 
0.006200 0.588100 0.006200 T T T 
0.004100 0.300600 0.004100 T T T 
0.006200 0.399500 0.006200 T T T 
0.691200 0.004100 0.300600 T T T 
0.588100 0.006200 0.399500 T T T 
0.691200 0.300600 0.004100 T T T 
0.588100 0.399500 0.006200 T T T 
0.004100 0.004100 0.691200 T T T 
0.006200 0.006200 0.588100 T T T 
0.004100 0.004100 0.300600 T T T 
0.006200 0.006200 0.399500 T T T 
0.300600 0.691200 0.004100 T T T 
0.399500 0.588100 0.006200 T T T 
0.078800 0.732100 0.262700 T T T 
0.732100 0.078800 0.926400 T T T 
0.262700 0.926400 0.078800 T T T 
0.926400 0.262700 0.732100 T T T 
0.262700 0.078800 0.732100 T T T 
0.926400 0.732100 0.078800 T T T 
0.078800 0.262700 0.926400 T T T 
0.732100 0.926400 0.262700 T T T 
0.732100 0.262700 0.078800 T T T 
0.078800 0.926400 0.732100 T T T 
0.926400 0.078800 0.262700 T T T 
0.262700 0.732100 0.926400 T T T 
0.732100 0.078800 0.262700 T T T 
0.078800 0.732100 0.926400 T T T 
0.926400 0.262700 0.078800 T T T 
0.262700 0.926400 0.732100 T T T 
0.078800 0.262700 0.732100 T T T 
0.732100 0.926400 0.078800 T T T 
0.262700 0.078800 0.926400 T T T 
0.926400 0.732100 0.262700 T T T 
0.262700 0.732100 0.078800 T T T 
0.926400 0.078800 0.732100 T T T 
0.078800 0.926400 0.262700 T T T 
0.732100 0.262700 0.926400 T T T 
0.932730 0.932730 0.201810 T T T 
0.932730 0.932730 0.932730 T T T 
0.201810 0.932730 0.932730 T T T 
0.932730 0.201810 0.932730 T T T 
0.049430 0.851710 0.049430 T T T 
0.851710 0.049430 0.049430 T T T 
0.049430 0.049430 0.049430 T T T 
0.049430 0.049430 0.851710 T T T 
0.120400 0.879600 0.120400 T T T 
0.879600 0.120400 0.879600 T T T 
0.120400 0.120400 0.879600 T T T 
0.879600 0.879600 0.120400 T T T 
0.879600 0.120400 0.120400 T T T 
0.120400 0.879600 0.879600 T T T 
0.471054 0.515278 0.626059 T T T 
0.333286 0.663721 0.340000 T T T 
0.341463 0.383886 0.755845 T T T 
0.387388 0.350072 0.492145 T T T 
0.463291 0.783489 0.226429 T T T 
0.343513 0.522871 0.545949 T T T 
0.515132 0.482741 0.372840 T T T 
0.467086 0.649684 0.426343 T T T 
0.519100 0.348335 0.572556 T T T 
0.386962 0.490486 0.293357 T T T 
0.216584 0.530325 0.465211 T T T 
0.644723 0.614133 0.243054 T T T 
0.652901 0.334298 0.658899 T T T 
0.642673 0.475148 0.452950 T T T 
0.598798 0.647948 0.506754 T T T 
0.591316 0.775867 0.306832 T T T 
